3 4 5
5 12 13
8 15 17
7 24 25
9 40 41
12 35 37
20 21 29
11 60 61
28 45 53
12 16 20
2 3 4
5 6 3
14 15 16
1 2 3
10 11 22
19 20 21
22 23 24
30 31 32
13 14 20
15 28 30
2 5 8
6 8 10
3 7 8
17 18 19
12 14 15
40 42 43
25 24 22
27 30 32
14 18 21
35 39 43
5 5 1
21 29 37
16 28 32
36 48 60
6 8 10
22 40 42
11 12 18
42 56 74
32 33 34
8 9 12
15 18 23
39 52 65
14 15 14
60 80 100
3 4 6
10 15 20
11 13 14
18 13 21
5 9 14
13 13 13
12 12 10
20 25 30
12 15 18
1 1 2
24 30 36
13 14 15
8 14 16
35 39 43
50 60 70
44 48 52
17 20 25
60 80 90
20 22 26
1 5 10
3 5 7
9 11 15
15 25 35
32 42 50
45 65 80
7 8 9
